0.23407144993732268 0.4018014895527752 0.43568283066564717 0.7478827955348756 0.04432505450204201 0.07608733541915247 0.08250329213592617 0.14162319104743215
0.048725744292250704 0.0346652212706062 0.14555221744636995 0.10355100568485824 0.25403646529445273 0.1807305441537485 0.7588508163994522 0.5398733635363022
0.734453919616495 0.6257858461679252 0.10674702208191117 0.0909529839180597 0.1672538765581116 0.14250738660559656 0.024309017594400767 0.020712312561101644
0.3755726703853523 0.9016076930828679 0.059281426974353964 0.14231224695387826 0.05669712149700544 0.13610830858620385 0.008949230156262956 0.021483711122476188
0.1323017964003729 0.13498017236799711 0.12900331468638584 0.13161491473416045 0.48339469358864 0.49318074914805826 0.47134294069622046 0.4808850152501418
0.0003209564030900702 0.042138690456871776 0.0004100882554429388 0.05384090141133311 0.004683255113610711 0.614869295838981 0.005983828024131596 0.785622827363487
0.20134793124398648 0.4833072649489984 0.3265865017199509 0.7839247611849747 0.013801214246323251 0.03312786512955473 0.022385580285562905 0.05373342311126801
0.205836886461041 0.06004104179591965 0.10453890819591119 0.030493198105571304 0.8308132163951195 0.2423418460501403 0.42194724206109546 0.12307877578131889
0.08303703166954104 0.07083134483307084 0.08811723774111246 0.0751648069143091 0.5151251069431735 0.4394064111933842 0.546640463926623 0.46628929793861057
0.32819976923812244 0.44689805692164253 0.16431899211507686 0.2237473794147347 0.4152477265560421 0.5654281920118707 0.20790108434311527 0.28309157815839375
